20:35 0.00 0.01 0.00
20:38 8.00 0.01 15.67
20:39 24.00 0.03 47.00
20:40 24.00 0.03 47.00
20:44 0.00 0.00 0.00
20:45 24.00 0.03 47.00
20:46 24.00 0.03 47.00
20:48 4.00 0.00 7.83
20:49 24.00 0.00 47.00
20:50 24.00 0.00 47.00
20:51 24.00 0.00 47.00
20:52 24.00 0.00 47.00
20:53 24.00 0.00 47.00
20:54 24.00 0.00 47.00
20:55 24.00 0.00 47.00
20:56 24.00 0.00 47.00
20:57 8.00 0.00 15.67
20:58 24.00 0.00 47.00
20:59 24.00 0.00 46.67
21:00 24.00 0.00 46.67
21:01 24.00 0.00 46.33
21:02 24.00 0.00 46.00
21:03 24.00 0.00 46.00
21:04 24.00 0.00 46.00
21:05 24.00 0.00 46.00
21:06 24.00 0.00 46.00
21:07 24.00 0.00 46.00
21:08 24.00 0.00 46.00
21:09 24.00 0.00 46.00
21:10 24.00 0.00 46.67
21:11 24.00 0.00 46.17
21:12 24.00 0.00 46.00
21:13 24.00 0.00 46.00
21:14 24.00 0.00 46.00
21:15 24.00 0.00 46.00
21:16 16.00 1.19 30.67
21:17 24.00 2.42 46.00
21:18 24.00 1.77 46.00
21:19 24.00 2.04 46.00
21:20 24.00 1.86 46.00
21:21 24.00 0.63 46.00
21:22 24.00 0.03 46.00
21:23 24.00 1.19 46.00
21:24 24.00 0.10 46.00
21:25 24.00 0.03 46.00
21:26 24.00 0.03 46.17
21:27 24.00 0.03 46.67
21:28 24.00 0.03 46.00
21:29 24.00 0.03 46.17
21:30 24.00 0.03 46.33
21:31 24.00 0.03 46.00
21:32 24.00 0.03 46.00
21:33 24.00 0.03 46.33
21:34 24.00 0.03 46.00
21:35 24.00 0.03 46.83
21:36 24.00 0.03 46.50
21:37 24.00 0.03 46.83
21:38 24.00 0.03 47.00
21:39 24.00 0.03 47.00
21:40 24.00 0.03 47.00
21:41 24.00 0.03 47.00
21:42 24.00 0.03 47.00
21:43 24.00 0.03 47.00
21:44 24.00 0.03 47.00
21:45 24.00 0.03 47.00
21:46 24.00 0.03 47.00
21:47 24.00 0.03 47.00
21:48 24.00 0.03 47.00
21:49 24.00 0.03 47.00
21:50 24.00 0.03 47.00
21:51 24.00 0.03 47.00
21:52 24.00 0.03 47.00
21:53 24.00 0.03 47.00
21:16 0.00 0.00 0.00
21:16 0.00 0.00 0.00
