20:35 0.00 0.00 0.00 0.00 0.00 0.00
20:38 24.00 24.00 0.00 0.00 0.00 0.00
20:39 24.00 24.00 24.00 24.00 24.00 24.00
20:40 24.00 24.00 24.00 24.00 24.00 24.00
20:57 24.00 24.00 0.00 0.00 0.00 0.00
20:58 24.00 24.00 24.00 24.00 24.00 24.00
20:59 24.00 24.00 24.00 24.00 24.00 24.00
21:00 24.00 24.00 24.00 24.00 24.00 24.00
21:01 24.00 24.00 24.00 24.00 24.00 24.00
21:02 24.00 24.00 24.00 24.00 24.00 24.00
21:03 24.00 24.00 24.00 24.00 24.00 24.00
21:04 24.00 24.00 24.00 24.00 24.00 24.00
21:05 24.00 24.00 24.00 24.00 24.00 24.00
21:06 24.00 24.00 24.00 24.00 24.00 24.00
21:07 24.00 24.00 24.00 24.00 24.00 24.00
21:08 24.00 24.00 24.00 24.00 24.00 24.00
21:09 24.00 24.00 24.00 24.00 24.00 24.00
21:10 24.00 24.00 24.00 24.00 24.00 24.00
21:11 24.00 24.00 24.00 24.00 24.00 24.00
21:12 24.00 24.00 24.00 24.00 24.00 24.00
21:13 24.00 24.00 24.00 24.00 24.00 24.00
21:14 24.00 24.00 24.00 24.00 24.00 24.00
21:15 24.00 24.00 24.00 24.00 24.00 24.00
21:16 24.00 24.00 24.00 24.00 0.00 0.00
21:17 24.00 24.00 24.00 24.00 24.00 24.00
21:18 24.00 24.00 24.00 24.00 24.00 24.00
21:19 24.00 24.00 24.00 24.00 24.00 24.00
21:20 24.00 24.00 24.00 24.00 24.00 24.00
21:21 24.00 24.00 24.00 24.00 24.00 24.00
21:22 24.00 24.00 24.00 24.00 24.00 24.00
21:23 24.00 24.00 24.00 24.00 24.00 24.00
21:24 24.00 24.00 24.00 24.00 24.00 24.00
21:25 24.00 24.00 24.00 24.00 24.00 24.00
21:26 24.00 24.00 24.00 24.00 24.00 24.00
21:27 24.00 24.00 24.00 24.00 24.00 24.00
21:28 24.00 24.00 24.00 24.00 24.00 24.00
21:29 24.00 24.00 24.00 24.00 24.00 24.00
21:30 24.00 24.00 24.00 24.00 24.00 24.00
21:31 24.00 24.00 24.00 24.00 24.00 24.00
21:32 24.00 24.00 24.00 24.00 24.00 24.00
21:33 24.00 24.00 24.00 24.00 24.00 24.00
21:34 24.00 24.00 24.00 24.00 24.00 24.00
21:35 24.00 24.00 24.00 24.00 24.00 24.00
21:36 24.00 24.00 24.00 24.00 24.00 24.00
21:37 24.00 24.00 24.00 24.00 24.00 24.00
21:38 24.00 24.00 24.00 24.00 24.00 24.00
21:39 24.00 24.00 24.00 24.00 24.00 24.00
21:40 24.00 24.00 24.00 24.00 24.00 24.00
21:41 24.00 24.00 24.00 24.00 24.00 24.00
21:42 24.00 24.00 24.00 24.00 24.00 24.00
21:43 24.00 24.00 24.00 24.00 24.00 24.00
21:44 24.00 24.00 24.00 24.00 24.00 24.00
21:45 24.00 24.00 24.00 24.00 24.00 24.00
21:46 24.00 24.00 24.00 24.00 24.00 24.00
21:47 24.00 24.00 24.00 24.00 24.00 24.00
21:48 24.00 24.00 24.00 24.00 24.00 24.00
21:49 24.00 24.00 24.00 24.00 24.00 24.00
21:50 24.00 24.00 24.00 24.00 24.00 24.00
21:51 24.00 24.00 24.00 24.00 24.00 24.00
21:52 24.00 24.00 24.00 24.00 24.00 24.00
21:53 24.00 24.00 24.00 24.00 24.00 24.00
21:16 0.00 0.00 0.00 0.00 0.00 0.00
21:16 0.00 0.00 0.00 0.00 0.00 0.00
