20:35 0.00 0.00 0.00 0.00 0.00 0.00
20:38 47.00 47.00 0.00 0.00 0.00 0.00
20:39 47.00 47.00 47.00 47.00 47.00 47.00
20:40 47.00 47.00 47.00 47.00 47.00 47.00
20:57 47.00 47.00 0.00 0.00 0.00 0.00
20:58 47.00 47.00 47.00 47.00 47.00 47.00
20:59 46.00 46.00 47.00 47.00 47.00 47.00
21:00 47.00 47.00 46.00 46.00 47.00 47.00
21:01 46.00 46.00 47.00 47.00 46.00 46.00
21:02 46.00 46.00 46.00 46.00 46.00 46.00
21:03 46.00 46.00 46.00 46.00 46.00 46.00
21:04 46.00 46.00 46.00 46.00 46.00 46.00
21:05 46.00 46.00 46.00 46.00 46.00 46.00
21:06 46.00 46.00 46.00 46.00 46.00 46.00
21:07 46.00 46.00 46.00 46.00 46.00 46.00
21:08 46.00 46.00 46.00 46.00 46.00 46.00
21:09 46.00 46.00 46.00 46.00 46.00 46.00
21:10 47.00 47.00 46.00 46.00 47.00 47.00
21:11 46.00 46.00 47.00 46.00 46.00 46.00
21:12 46.00 46.00 46.00 46.00 46.00 46.00
21:13 46.00 46.00 46.00 46.00 46.00 46.00
21:14 46.00 46.00 46.00 46.00 46.00 46.00
21:15 46.00 46.00 46.00 46.00 46.00 46.00
21:16 46.00 46.00 46.00 46.00 0.00 0.00
21:17 46.00 46.00 46.00 46.00 46.00 46.00
21:18 46.00 46.00 46.00 46.00 46.00 46.00
21:19 46.00 46.00 46.00 46.00 46.00 46.00
21:20 46.00 46.00 46.00 46.00 46.00 46.00
21:21 46.00 46.00 46.00 46.00 46.00 46.00
21:22 46.00 46.00 46.00 46.00 46.00 46.00
21:23 46.00 46.00 46.00 46.00 46.00 46.00
21:24 46.00 46.00 46.00 46.00 46.00 46.00
21:25 46.00 46.00 46.00 46.00 46.00 46.00
21:26 46.00 46.00 46.00 47.00 46.00 46.00
21:27 47.00 47.00 46.00 46.00 47.00 47.00
21:28 46.00 46.00 46.00 46.00 46.00 46.00
21:29 46.00 46.00 46.00 47.00 46.00 46.00
21:30 46.00 46.00 46.00 46.00 47.00 47.00
21:31 46.00 46.00 46.00 46.00 46.00 46.00
21:32 46.00 46.00 46.00 46.00 46.00 46.00
21:33 46.00 47.00 47.00 46.00 46.00 46.00
21:34 46.00 46.00 46.00 46.00 46.00 46.00
21:35 47.00 47.00 47.00 47.00 46.00 47.00
21:36 47.00 46.00 46.00 46.00 47.00 47.00
21:37 47.00 47.00 47.00 47.00 46.00 47.00
21:38 47.00 47.00 47.00 47.00 47.00 47.00
21:39 47.00 47.00 47.00 47.00 47.00 47.00
21:40 47.00 47.00 47.00 47.00 47.00 47.00
21:41 47.00 47.00 47.00 47.00 47.00 47.00
21:42 47.00 47.00 47.00 47.00 47.00 47.00
21:43 47.00 47.00 47.00 47.00 47.00 47.00
21:44 47.00 47.00 47.00 47.00 47.00 47.00
21:45 47.00 47.00 47.00 47.00 47.00 47.00
21:46 47.00 47.00 47.00 47.00 47.00 47.00
21:47 47.00 47.00 47.00 47.00 47.00 47.00
21:48 47.00 47.00 47.00 47.00 47.00 47.00
21:49 47.00 47.00 47.00 47.00 47.00 47.00
21:50 47.00 47.00 47.00 47.00 47.00 47.00
21:51 47.00 47.00 47.00 47.00 47.00 47.00
21:52 47.00 47.00 47.00 47.00 47.00 47.00
21:53 47.00 47.00 47.00 47.00 47.00 47.00
21:16 0.00 0.00 0.00 0.00 0.00 0.00
21:16 0.00 0.00 0.00 0.00 0.00 0.00
