00:06 23.00 0.00 0.00 0.00 0.00 0.00
00:06 0.00 0.00 0.00 0.00 0.00 0.00
00:08 253.00 253.00 0.00 0.00 0.00 0.00
00:09 253.00 253.00 253.00 23.00 253.00 253.00
00:10 253.00 253.00 253.00 253.00 253.00 253.00
00:11 23.00 23.00 23.00 23.00 23.00 23.00
00:12 23.00 23.00 23.00 23.00 23.00 23.00
00:13 23.00 253.00 23.00 23.00 23.00 23.00
00:14 253.00 253.00 253.00 253.00 253.00 253.00
00:23 23.00 23.00 23.00 0.00 0.00 0.00
00:24 23.00 23.00 23.00 23.00 23.00 23.00
00:25 0.00 0.00 0.00 0.00 0.00 0.00
00:26 23.00 23.00 23.00 23.00 23.00 23.00
00:27 23.00 23.00 23.00 23.00 23.00 23.00
00:28 23.00 23.00 0.00 0.00 0.00 0.00
00:29 23.00 23.00 23.00 23.00 23.00 23.00
00:30 23.00 23.00 23.00 23.00 23.00 23.00
00:31 23.00 24.00 23.00 23.00 23.00 23.00
00:28 24.00 0.00 0.00 0.00 0.00 0.00
00:32 24.00 24.00 24.00 24.00 24.00 0.00
00:33 24.00 0.00 0.00 0.00 0.00 0.00
00:34 0.00 0.00 0.00 0.00 0.00 0.00
00:35 24.00 24.00 24.00 0.00 0.00 0.00
00:35 0.00 0.00 0.00 0.00 0.00 0.00
00:36 23.00 24.00 24.00 0.00 0.00 0.00
00:37 24.00 0.00 0.00 0.00 0.00 0.00
00:38 23.00 24.00 24.00 24.00 24.00 23.00
00:37 0.00 0.00 0.00 0.00 0.00 0.00
00:37 0.00 0.00 0.00 0.00 0.00 0.00
00:43 24.00 24.00 24.00 24.00 0.00 0.00
00:44 24.00 24.00 0.00 0.00 0.00 0.00
00:45 24.00 24.00 24.00 24.00 24.00 24.00
00:46 23.00 23.00 24.00 24.00 24.00 23.00
00:48 23.00 23.00 23.00 23.00 23.00 0.00
00:49 23.00 23.00 23.00 23.00 23.00 23.00
00:50 23.00 23.00 23.00 23.00 23.00 23.00
00:51 23.00 23.00 23.00 23.00 23.00 23.00
00:52 23.00 23.00 23.00 23.00 23.00 23.00
00:53 23.00 23.00 23.00 23.00 23.00 23.00
00:54 23.00 23.00 23.00 23.00 23.00 23.00
00:55 23.00 23.00 23.00 23.00 23.00 23.00
00:56 23.00 23.00 23.00 23.00 23.00 23.00
00:57 23.00 23.00 23.00 23.00 23.00 23.00
00:58 23.00 23.00 23.00 23.00 23.00 23.00
01:05 0.00 0.00 0.00 0.00 0.00 0.00
01:06 24.00 24.00 24.00 24.00 0.00 0.00
01:07 24.00 24.00 24.00 24.00 24.00 24.00
01:08 24.00 0.00 0.00 0.00 0.00 0.00
01:09 24.00 24.00 24.00 24.00 0.00 0.00
01:10 24.00 24.00 24.00 24.00 24.00 24.00
01:11 24.00 24.00 24.00 24.00 24.00 24.00
01:13 24.00 24.00 24.00 24.00 24.00 24.00
01:14 24.00 24.00 24.00 24.00 24.00 24.00
01:15 24.00 24.00 24.00 24.00 24.00 24.00
01:16 24.00 24.00 24.00 23.00 23.00 23.00
01:17 23.00 23.00 23.00 23.00 23.00 23.00
01:18 23.00 23.00 23.00 24.00 24.00 24.00
01:19 24.00 24.00 24.00 24.00 24.00 24.00
01:20 24.00 24.00 24.00 24.00 24.00 24.00
01:21 24.00 24.00 24.00 24.00 24.00 24.00
01:22 24.00 253.00 253.00 253.00 253.00 253.00
01:23 253.00 253.00 253.00 253.00 24.00 24.00
01:24 24.00 24.00 24.00 24.00 24.00 0.00
01:25 24.00 24.00 24.00 24.00 24.00 24.00
01:27 253.00 25.00 25.00 25.00 24.00 24.00
01:28 24.00 24.00 24.00 24.00 24.00 24.00
01:29 24.00 24.00 24.00 24.00 24.00 24.00
01:30 24.00 24.00 24.00 24.00 24.00 24.00
01:31 24.00 24.00 24.00 24.00 24.00 24.00
01:32 24.00 24.00 24.00 24.00 24.00 24.00
01:33 24.00 24.00 24.00 24.00 24.00 24.00
01:34 24.00 24.00 24.00 24.00 24.00 24.00
01:35 24.00 24.00 24.00 24.00 24.00 24.00
01:36 24.00 24.00 24.00 24.00 24.00 24.00
01:37 24.00 24.00 24.00 24.00 24.00 24.00
01:38 24.00 24.00 24.00 24.00 24.00 24.00
01:39 24.00 24.00 24.00 24.00 24.00 24.00
01:40 24.00 24.00 24.00 24.00 24.00 24.00
01:41 24.00 24.00 24.00 24.00 24.00 24.00
01:42 24.00 24.00 24.00 24.00 24.00 24.00
01:43 24.00 24.00 24.00 24.00 24.00 24.00
01:44 24.00 24.00 24.00 24.00 24.00 24.00
01:45 24.00 24.00 24.00 24.00 24.00 24.00
01:46 24.00 24.00 24.00 24.00 24.00 24.00
01:47 24.00 24.00 24.00 24.00 24.00 24.00
01:48 24.00 24.00 24.00 24.00 24.00 24.00
01:49 24.00 24.00 24.00 24.00 24.00 24.00
01:50 24.00 24.00 24.00 24.00 24.00 24.00
22:30 25.00 25.00 25.00 25.00 25.00 0.00
22:31 25.00 25.00 25.00 25.00 25.00 25.00
22:32 25.00 0.00 0.00 0.00 0.00 0.00
22:33 25.00 0.00 0.00 0.00 0.00 0.00
22:34 25.00 25.00 25.00 25.00 25.00 25.00
