00:06 3.83 0.00 4.67
00:06 0.00 0.00 0.00
00:08 84.33 0.01 84.33
00:09 214.67 0.31 215.67
00:10 253.00 0.69 253.00
00:11 23.00 0.57 30.67
00:12 23.00 2.62 30.83
00:13 61.33 1.49 67.50
00:14 253.00 0.01 253.00
00:23 11.50 0.01 15.17
00:24 23.00 0.02 28.33
00:25 0.00 0.00 0.00
00:26 23.00 0.02 29.33
00:27 23.00 0.02 29.83
00:28 7.67 0.00 10.00
00:29 23.00 0.60 29.67
00:30 23.00 0.14 29.83
00:31 23.17 0.07 32.00
00:28 4.00 0.00 5.00
00:32 20.00 0.01 24.83
00:33 4.00 0.00 4.83
00:34 0.00 0.00 0.00
00:35 12.00 0.01 14.50
00:35 0.00 0.00 0.00
00:36 11.83 0.01 14.83
00:37 4.00 0.00 4.83
00:38 23.67 0.02 28.17
00:37 0.00 0.00 0.00
00:37 0.00 0.00 0.00
00:43 16.00 0.01 19.50
00:44 8.00 0.01 9.83
00:45 24.00 0.02 28.33
00:46 23.50 0.02 27.50
00:48 19.17 0.01 23.33
00:49 23.00 0.02 28.00
00:50 23.00 0.02 27.00
00:51 23.00 0.02 27.00
00:52 23.00 0.02 27.00
00:53 23.00 0.02 27.00
00:54 23.00 0.02 27.00
00:55 23.00 0.02 27.00
00:56 23.00 0.02 27.00
00:57 23.00 0.02 27.00
00:58 23.00 0.02 27.00
01:05 0.00 0.00 0.00
01:06 16.00 0.01 20.00
01:07 24.00 0.02 30.50
01:08 4.00 0.00 5.00
01:09 16.00 0.01 20.00
01:10 24.00 0.02 30.00
01:11 24.00 0.02 29.67
01:13 24.00 0.02 30.00
01:14 24.00 0.02 28.17
01:15 24.00 0.02 27.17
01:16 23.50 0.02 27.00
01:17 23.00 0.02 28.00
01:18 23.50 0.02 28.67
01:19 24.00 0.02 28.67
01:20 24.00 0.02 28.50
01:21 24.00 0.02 28.83
01:22 214.83 0.02 215.67
01:23 176.67 0.02 178.33
01:24 20.00 0.02 23.50
01:25 24.00 0.61 31.00
01:27 62.67 0.02 82.00
01:28 24.00 0.65 33.83
01:29 24.00 0.65 29.33
01:30 24.00 0.02 29.33
01:31 24.00 0.02 30.33
01:32 24.00 0.02 28.17
01:33 24.00 0.02 29.33
01:34 24.00 0.02 29.00
01:35 24.00 0.02 29.67
01:36 24.00 0.02 30.00
01:37 24.00 0.02 28.67
01:38 24.00 0.02 29.17
01:39 24.00 0.02 30.00
01:40 24.00 0.02 28.67
01:41 24.00 0.02 28.50
01:42 24.00 0.02 28.33
01:43 24.00 0.02 28.33
01:44 24.00 0.02 27.67
01:45 24.00 0.02 27.67
01:46 24.00 0.02 27.17
01:47 24.00 0.02 27.00
01:48 24.00 0.02 27.33
01:49 24.00 0.02 27.17
01:50 24.00 0.02 26.00
22:30 20.83 0.02 27.00
22:31 25.00 0.02 32.00
22:32 4.17 0.00 5.33
22:33 4.17 0.01 5.33
22:34 25.00 0.03 32.00
