00:06 28.00 0.00 0.00 0.00 0.00 0.00
00:06 0.00 0.00 0.00 0.00 0.00 0.00
00:08 253.00 253.00 0.00 0.00 0.00 0.00
00:09 253.00 253.00 253.00 29.00 253.00 253.00
00:10 253.00 253.00 253.00 253.00 253.00 253.00
00:11 31.00 30.00 30.00 31.00 31.00 31.00
00:12 32.00 31.00 31.00 30.00 30.00 31.00
00:13 31.00 253.00 30.00 30.00 30.00 31.00
00:14 253.00 253.00 253.00 253.00 253.00 253.00
00:23 31.00 30.00 30.00 0.00 0.00 0.00
00:24 28.00 28.00 28.00 29.00 29.00 28.00
00:25 0.00 0.00 0.00 0.00 0.00 0.00
00:26 30.00 30.00 29.00 29.00 29.00 29.00
00:27 29.00 30.00 30.00 30.00 30.00 30.00
00:28 30.00 30.00 0.00 0.00 0.00 0.00
00:29 29.00 29.00 30.00 30.00 30.00 30.00
00:30 30.00 30.00 29.00 30.00 30.00 30.00
00:31 32.00 31.00 31.00 32.00 33.00 33.00
00:28 30.00 0.00 0.00 0.00 0.00 0.00
00:32 30.00 30.00 30.00 29.00 30.00 0.00
00:33 29.00 0.00 0.00 0.00 0.00 0.00
00:34 0.00 0.00 0.00 0.00 0.00 0.00
00:35 29.00 29.00 29.00 0.00 0.00 0.00
00:35 0.00 0.00 0.00 0.00 0.00 0.00
00:36 30.00 30.00 29.00 0.00 0.00 0.00
00:37 29.00 0.00 0.00 0.00 0.00 0.00
00:38 28.00 29.00 28.00 28.00 28.00 28.00
00:37 0.00 0.00 0.00 0.00 0.00 0.00
00:37 0.00 0.00 0.00 0.00 0.00 0.00
00:43 28.00 29.00 30.00 30.00 0.00 0.00
00:44 30.00 29.00 0.00 0.00 0.00 0.00
00:45 28.00 28.00 29.00 29.00 28.00 28.00
00:46 27.00 28.00 28.00 28.00 27.00 27.00
00:48 28.00 28.00 28.00 28.00 28.00 0.00
00:49 28.00 28.00 28.00 28.00 28.00 28.00
00:50 27.00 27.00 27.00 27.00 27.00 27.00
00:51 27.00 27.00 27.00 27.00 27.00 27.00
00:52 27.00 27.00 27.00 27.00 27.00 27.00
00:53 27.00 27.00 27.00 27.00 27.00 27.00
00:54 27.00 27.00 27.00 27.00 27.00 27.00
00:55 27.00 27.00 27.00 27.00 27.00 27.00
00:56 27.00 27.00 27.00 27.00 27.00 27.00
00:57 27.00 27.00 27.00 27.00 27.00 27.00
00:58 27.00 27.00 27.00 27.00 27.00 27.00
01:05 0.00 0.00 0.00 0.00 0.00 0.00
01:06 30.00 30.00 30.00 30.00 0.00 0.00
01:07 30.00 31.00 31.00 31.00 30.00 30.00
01:08 30.00 0.00 0.00 0.00 0.00 0.00
01:09 30.00 30.00 30.00 30.00 0.00 0.00
01:10 30.00 30.00 30.00 30.00 30.00 30.00
01:11 30.00 30.00 29.00 29.00 30.00 30.00
01:13 30.00 30.00 30.00 30.00 30.00 30.00
01:14 29.00 28.00 28.00 28.00 28.00 28.00
01:15 28.00 27.00 27.00 27.00 27.00 27.00
01:16 27.00 27.00 27.00 27.00 27.00 27.00
01:17 27.00 28.00 28.00 29.00 28.00 28.00
01:18 29.00 29.00 29.00 29.00 28.00 28.00
01:19 28.00 28.00 29.00 29.00 29.00 29.00
01:20 29.00 29.00 29.00 28.00 28.00 28.00
01:21 29.00 29.00 29.00 28.00 29.00 29.00
01:22 29.00 253.00 253.00 253.00 253.00 253.00
01:23 253.00 253.00 253.00 253.00 29.00 29.00
01:24 29.00 28.00 28.00 28.00 28.00 0.00
01:25 28.00 28.00 27.00 27.00 48.00 28.00
01:27 253.00 82.00 58.00 34.00 33.00 32.00
01:28 35.00 38.00 36.00 33.00 31.00 30.00
01:29 30.00 29.00 29.00 29.00 29.00 30.00
01:30 30.00 29.00 29.00 29.00 29.00 30.00
01:31 30.00 31.00 31.00 31.00 30.00 29.00
01:32 29.00 28.00 28.00 28.00 28.00 28.00
01:33 29.00 29.00 29.00 30.00 30.00 29.00
01:34 29.00 29.00 29.00 29.00 29.00 29.00
01:35 29.00 29.00 30.00 30.00 30.00 30.00
01:36 30.00 30.00 30.00 30.00 30.00 30.00
01:37 29.00 29.00 28.00 28.00 29.00 29.00
01:38 29.00 29.00 29.00 29.00 29.00 30.00
01:39 30.00 30.00 30.00 30.00 30.00 30.00
01:40 29.00 28.00 28.00 29.00 29.00 29.00
01:41 29.00 29.00 28.00 28.00 28.00 29.00
01:42 29.00 29.00 28.00 28.00 28.00 28.00
01:43 28.00 28.00 28.00 29.00 29.00 28.00
01:44 28.00 28.00 28.00 28.00 27.00 27.00
01:45 27.00 27.00 28.00 28.00 28.00 28.00
01:46 28.00 27.00 27.00 27.00 27.00 27.00
01:47 27.00 27.00 27.00 27.00 27.00 27.00
01:48 27.00 27.00 28.00 28.00 27.00 27.00
01:49 28.00 28.00 27.00 27.00 27.00 26.00
01:50 26.00 26.00 26.00 26.00 26.00 26.00
22:30 32.00 32.00 33.00 33.00 32.00 0.00
22:31 32.00 32.00 32.00 32.00 32.00 32.00
22:32 32.00 0.00 0.00 0.00 0.00 0.00
22:33 32.00 0.00 0.00 0.00 0.00 0.00
22:34 32.00 32.00 32.00 32.00 32.00 32.00
