01:46 12.17 0.02 17.00
01:47 4.17 0.00 5.67
01:49 9.00 0.01 10.67
01:51 9.00 0.01 10.33
02:04 9.17 0.01 10.67
02:06 9.00 0.01 10.67
02:09 9.33 0.01 9.67
02:11 9.33 0.01 9.67
02:13 4.67 0.01 5.00
02:21 4.50 0.00 5.33
02:22 4.50 0.00 5.17
02:26 9.33 0.01 10.17
02:34 4.50 0.00 5.33
02:45 0.00 0.00 0.00
02:57 9.33 0.01 10.33
02:59 22.83 0.02 25.00
03:00 26.00 0.03 31.00
03:01 25.83 0.03 31.00
03:02 25.00 0.03 33.17
03:03 25.00 0.03 34.00
03:04 25.50 0.03 33.00
03:05 4.33 0.00 5.50
03:06 27.00 0.03 32.33
03:07 27.00 0.03 34.17
03:08 26.00 0.03 33.00
10:39 7.83 0.01 11.00
10:40 24.50 0.03 30.83
10:41 24.00 0.03 31.00
10:42 24.00 0.03 31.17
10:43 24.00 0.03 30.33
10:44 24.00 0.03 30.00
10:45 8.33 0.01 10.33
10:46 26.00 0.03 28.67
10:47 12.83 0.01 14.50
10:48 25.83 0.03 28.67
10:49 25.00 0.03 29.33
10:50 25.00 0.03 29.00
10:51 25.00 0.03 29.00
10:52 25.00 0.03 29.00
10:53 25.00 0.03 29.00
10:54 25.00 0.03 29.00
10:55 25.33 0.03 29.17
10:56 26.00 0.03 29.00
10:57 26.00 0.03 28.83
10:58 26.00 0.03 28.00
10:59 26.00 0.03 28.67
11:00 26.00 0.03 29.00
16:21 17.00 0.01 19.33
16:22 25.50 0.03 29.00
16:23 25.00 0.03 29.00
16:24 25.00 0.03 29.50
16:25 8.83 0.01 10.00
16:26 27.33 0.03 27.17
16:28 22.67 0.02 23.17
16:29 26.83 0.03 27.17
16:30 26.00 0.03 28.00
16:31 26.00 0.03 28.00
16:32 26.00 0.03 28.00
16:33 26.00 0.03 28.00
16:34 26.00 0.03 28.00
16:35 26.00 0.03 28.00
16:36 26.00 0.03 28.00
16:37 26.00 0.03 28.17
16:38 26.00 0.03 28.50
16:39 26.00 0.03 29.00
16:40 26.00 0.03 28.33
16:41 26.00 0.03 28.17
16:42 26.00 0.03 28.17
16:43 26.17 0.03 27.50
16:44 27.00 0.03 27.00
16:45 27.00 0.03 27.33
16:46 27.00 0.03 27.50
16:47 27.00 0.03 27.00
16:48 27.00 0.03 27.00
16:49 27.00 0.03 27.00
16:50 27.00 0.03 27.67
16:51 27.00 0.03 28.00
16:52 27.00 0.03 27.83
16:53 27.00 0.03 27.00
16:54 27.00 0.03 27.00
16:55 23.00 0.02 22.17
16:56 27.00 0.03 26.50
16:57 27.00 0.03 27.00
16:58 27.00 0.03 26.67
16:59 27.00 0.03 31.00
17:00 27.00 0.03 26.67
17:01 27.00 0.03 26.83
17:02 26.50 0.03 27.00
17:03 26.00 0.03 27.00
17:04 26.00 0.03 27.00
17:05 26.00 0.03 27.50
17:06 26.00 0.03 27.33
17:07 26.00 0.03 27.67
17:08 26.00 0.03 27.00
17:09 26.00 0.03 27.00
17:10 26.00 0.03 27.83
17:11 26.00 0.03 27.67
17:12 26.00 0.03 27.67
17:13 26.00 0.03 27.17
17:14 26.00 0.03 27.50
17:15 26.00 0.03 27.00
17:16 26.00 0.03 27.00
17:17 26.00 0.03 27.00
17:18 26.00 0.03 27.00
17:19 26.00 0.03 26.67
17:20 26.00 0.03 27.00
17:21 26.00 0.03 27.00
17:22 26.00 0.03 27.00
17:23 26.00 0.03 27.00
17:24 26.00 0.03 26.00
17:25 26.00 0.03 26.00
17:26 26.00 0.03 26.00
17:27 26.00 0.03 26.00
17:28 26.00 0.03 26.00
17:29 26.00 0.03 26.00
17:30 26.00 0.03 26.00
17:31 26.00 0.03 26.00
17:32 26.00 0.03 26.00
17:33 26.00 0.03 26.00
17:34 26.00 0.03 26.00
17:35 26.00 0.03 26.00
17:36 26.00 0.03 26.00
17:37 26.00 0.03 26.00
17:38 26.00 0.03 26.00
17:39 26.00 0.03 25.83
17:40 26.00 0.03 25.67
17:41 26.00 0.03 26.00
17:42 26.00 0.03 26.00
17:43 26.00 0.03 26.00
17:44 26.00 0.03 27.00
17:45 26.00 0.03 27.00
17:46 26.00 0.03 27.00
17:47 26.00 0.03 27.00
17:48 26.00 0.03 27.00
17:49 26.00 0.03 27.00
17:50 26.00 0.03 27.00
17:51 26.00 0.03 27.00
17:52 26.00 0.03 26.50
17:53 26.00 0.03 26.33
17:54 26.00 0.03 26.00
17:55 26.00 0.03 26.00
17:56 26.00 0.03 26.00
17:57 26.00 0.03 26.00
17:58 26.00 0.03 26.00
17:59 26.00 0.03 26.00
18:00 26.00 0.03 26.00
18:01 26.00 0.03 26.00
18:02 26.00 0.03 26.00
18:03 26.00 0.03 26.00
18:04 26.00 0.03 26.00
18:05 26.00 0.03 26.00
18:06 26.00 0.03 26.00
18:07 26.00 0.03 26.00
18:08 26.00 0.03 26.00
18:09 26.00 0.03 26.00
18:10 26.00 0.03 26.00
18:11 26.00 0.03 26.00
18:12 26.00 0.03 26.00
18:13 26.00 0.03 26.17
18:14 26.00 0.03 26.00
18:15 26.00 0.03 26.00
18:16 26.00 0.03 26.00
18:17 26.00 0.03 26.00
18:18 26.00 0.03 26.00
18:19 26.00 0.03 26.00
18:20 26.00 0.03 26.00
18:21 26.00 0.03 26.00
18:22 26.00 0.03 26.00
18:23 26.00 0.03 26.00
18:24 26.00 0.03 26.00
18:25 26.00 0.03 27.00
18:26 26.00 0.03 26.00
18:27 26.00 0.03 26.00
18:28 26.00 0.03 26.00
18:29 26.00 0.03 26.50
18:30 26.00 0.03 26.00
18:31 26.00 0.03 26.17
18:32 26.00 0.03 27.00
18:33 26.00 0.03 26.33
18:34 26.00 0.03 26.67
18:35 26.00 0.03 26.00
18:36 26.00 0.03 26.67
18:37 26.00 0.03 27.00
18:38 26.00 0.03 27.00
18:39 26.00 0.03 27.00
18:40 26.00 0.03 27.00
18:41 26.00 0.03 27.00
18:42 26.00 0.03 27.00
18:43 26.00 0.03 27.00
18:44 26.00 0.03 27.00
18:45 26.00 0.03 27.00
18:46 26.00 0.03 27.00
18:47 26.00 0.03 27.00
18:48 26.00 0.03 27.00
18:49 26.00 0.03 27.00
18:50 26.00 0.03 27.00
18:51 26.00 0.03 27.00
18:52 26.00 0.03 27.00
18:53 26.00 0.03 27.00
18:54 26.00 0.03 27.00
18:55 26.00 0.03 27.00
18:56 26.00 0.03 27.00
18:57 26.00 0.03 27.00
18:58 26.00 0.03 27.00
18:59 26.00 0.03 27.00
19:00 26.00 0.03 27.00
19:01 26.00 0.03 27.00
19:02 26.00 0.03 27.00
19:03 26.00 0.03 27.00
19:04 26.00 0.03 27.00
19:05 26.00 0.03 27.00
19:06 26.00 0.03 27.00
19:07 26.00 0.03 27.67
19:08 26.00 0.03 27.00
19:09 26.00 0.03 27.00
19:10 26.00 0.03 27.50
19:11 26.00 0.03 27.00
19:12 26.00 0.03 27.00
19:13 26.00 0.03 26.50
19:14 26.00 0.03 26.00
19:15 25.00 0.03 26.00
19:16 25.00 0.03 26.67
19:17 25.00 0.03 27.00
19:18 24.17 0.03 27.00
19:19 24.00 0.03 27.00
19:20 24.00 0.03 27.00
19:21 24.00 0.03 27.83
19:22 24.00 0.03 28.00
19:23 24.00 0.03 28.00
19:24 24.00 0.03 28.17
19:25 24.00 0.03 27.83
19:26 24.00 0.03 27.50
19:27 24.00 0.03 27.00
19:28 24.00 0.03 27.00
19:29 24.00 0.03 27.50
19:30 24.00 0.03 28.50
19:31 24.67 0.03 29.00
19:32 25.00 0.03 29.00
19:33 25.00 0.03 29.00
19:34 25.00 0.03 29.00
19:35 25.00 0.03 28.83
19:36 25.00 0.03 28.83
19:37 25.17 0.03 28.50
19:38 26.00 0.03 29.00
19:39 26.00 0.03 28.17
19:40 26.00 0.03 28.00
19:41 26.00 0.03 28.00
19:42 26.00 0.03 28.00
19:43 26.00 0.03 28.00
19:44 26.00 0.03 28.00
19:45 26.00 0.03 28.00
19:46 26.00 0.03 28.00
19:47 26.00 0.03 28.67
19:48 26.00 0.03 29.00
19:49 26.00 0.03 28.83
19:50 26.00 0.03 28.00
19:51 26.00 0.03 28.00
19:52 26.00 0.03 28.00
19:53 26.00 0.03 28.00
19:54 26.00 0.03 28.33
19:55 26.00 0.03 29.50
19:56 26.00 0.03 30.00
19:57 26.00 0.03 30.00
19:58 26.00 0.03 30.00
19:59 26.00 0.03 30.00
20:00 26.00 0.03 30.00
20:01 26.00 0.03 30.00
20:02 26.00 0.03 29.83
20:03 26.00 0.03 27.00
20:04 25.00 0.03 26.50
20:05 24.33 0.03 27.17
20:06 23.67 0.03 27.00
20:07 23.00 0.03 27.83
20:08 22.33 0.03 29.00
20:09 22.67 0.03 29.00
20:10 23.00 0.03 29.00
20:11 23.00 0.03 29.00
20:12 23.00 0.03 29.50
20:13 23.00 0.03 29.50
20:14 23.00 0.03 29.00
20:15 23.00 0.03 28.67
20:16 22.83 0.03 28.50
20:17 22.00 0.03 29.00
20:18 22.00 0.03 29.00
20:19 22.00 0.03 29.17
20:20 22.67 0.03 29.83
20:21 23.00 0.03 29.00
20:22 23.00 0.03 29.00
20:23 23.00 0.03 29.00
20:24 23.00 0.04 29.00
20:25 23.00 0.04 28.50
20:26 23.00 0.03 29.17
20:27 23.00 0.03 29.50
20:28 23.83 0.03 28.67
20:29 24.00 0.03 28.00
20:30 24.00 0.03 28.00
20:31 24.00 0.03 28.00
20:32 23.33 0.03 28.00
20:33 23.00 0.03 28.00
20:34 23.00 0.03 28.00
20:35 23.00 0.03 28.00
20:55 126.50 0.01 126.50
20:56 253.00 0.03 253.00
20:57 253.00 0.03 253.00
20:58 253.00 0.03 253.00
21:05 9.50 0.01 6.17
21:06 4.67 0.00 3.33
21:07 4.67 0.01 3.50
21:08 0.00 0.00 0.00
21:09 8.67 0.03 7.33
21:11 12.50 0.01 13.17
21:12 24.00 0.02 26.33
21:13 23.00 0.02 27.50
21:14 23.00 0.02 27.67
21:15 23.00 0.02 27.00
21:16 23.00 0.02 27.00
21:17 23.00 0.03 27.00
21:18 23.00 0.03 27.33
21:19 23.00 0.03 27.00
21:20 23.00 0.03 27.00
21:21 23.00 0.02 27.00
21:22 23.00 0.03 27.00
21:23 23.00 0.03 28.00
21:24 23.00 0.02 28.50
22:20 22.17 0.00 26.67
22:21 24.83 0.00 32.17
22:22 24.00 0.00 33.33
22:23 12.50 0.00 16.83
