01:46 34.00 34.00 34.00 0.00 0.00 0.00
01:47 34.00 0.00 0.00 0.00 0.00 0.00
01:49 32.00 32.00 0.00 0.00 0.00 0.00
01:51 31.00 31.00 0.00 0.00 0.00 0.00
02:04 32.00 32.00 0.00 0.00 0.00 0.00
02:06 32.00 32.00 0.00 0.00 0.00 0.00
02:09 29.00 29.00 0.00 0.00 0.00 0.00
02:11 29.00 29.00 0.00 0.00 0.00 0.00
02:13 30.00 0.00 0.00 0.00 0.00 0.00
02:21 32.00 0.00 0.00 0.00 0.00 0.00
02:22 31.00 0.00 0.00 0.00 0.00 0.00
02:26 31.00 30.00 0.00 0.00 0.00 0.00
02:34 32.00 0.00 0.00 0.00 0.00 0.00
02:45 0.00 0.00 0.00 0.00 0.00 0.00
02:57 31.00 31.00 0.00 0.00 0.00 0.00
02:59 30.00 30.00 30.00 30.00 30.00 0.00
03:00 31.00 31.00 31.00 31.00 31.00 31.00
03:01 31.00 31.00 31.00 31.00 31.00 31.00
03:02 33.00 33.00 33.00 34.00 34.00 32.00
03:03 34.00 34.00 34.00 34.00 34.00 34.00
03:04 33.00 33.00 33.00 33.00 33.00 33.00
03:05 33.00 0.00 0.00 0.00 0.00 0.00
03:06 33.00 34.00 33.00 32.00 31.00 31.00
03:07 33.00 35.00 35.00 34.00 34.00 34.00
03:08 33.00 33.00 33.00 33.00 33.00 33.00
10:39 33.00 33.00 0.00 0.00 0.00 0.00
10:40 31.00 31.00 32.00 31.00 30.00 30.00
10:41 31.00 31.00 31.00 31.00 31.00 31.00
10:42 31.00 31.00 32.00 31.00 31.00 31.00
10:43 30.00 30.00 31.00 31.00 30.00 30.00
10:44 30.00 30.00 30.00 30.00 30.00 30.00
10:45 31.00 31.00 0.00 0.00 0.00 0.00
10:46 29.00 29.00 30.00 28.00 28.00 28.00
10:47 29.00 29.00 29.00 0.00 0.00 0.00
10:48 29.00 29.00 29.00 28.00 28.00 29.00
10:49 29.00 29.00 29.00 29.00 30.00 30.00
10:50 29.00 29.00 29.00 29.00 29.00 29.00
10:51 29.00 29.00 29.00 29.00 29.00 29.00
10:52 29.00 29.00 29.00 29.00 29.00 29.00
10:53 29.00 29.00 29.00 29.00 29.00 29.00
10:54 29.00 29.00 29.00 29.00 29.00 29.00
10:55 29.00 29.00 30.00 29.00 29.00 29.00
10:56 29.00 29.00 29.00 29.00 29.00 29.00
10:57 29.00 29.00 28.00 29.00 29.00 29.00
10:58 28.00 28.00 28.00 28.00 28.00 28.00
10:59 29.00 30.00 29.00 28.00 28.00 28.00
11:00 29.00 29.00 29.00 29.00 29.00 29.00
16:21 29.00 29.00 29.00 29.00 0.00 0.00
16:22 29.00 29.00 29.00 29.00 29.00 29.00
16:23 29.00 29.00 29.00 29.00 29.00 29.00
16:24 29.00 30.00 30.00 30.00 29.00 29.00
16:25 30.00 30.00 0.00 0.00 0.00 0.00
16:26 27.00 27.00 28.00 27.00 27.00 27.00
16:28 28.00 29.00 28.00 27.00 27.00 0.00
16:29 27.00 27.00 27.00 27.00 28.00 27.00
16:30 28.00 28.00 28.00 28.00 28.00 28.00
16:31 28.00 28.00 28.00 28.00 28.00 28.00
16:32 28.00 28.00 28.00 28.00 28.00 28.00
16:33 28.00 28.00 28.00 28.00 28.00 28.00
16:34 28.00 28.00 28.00 28.00 28.00 28.00
16:35 28.00 28.00 28.00 28.00 28.00 28.00
16:36 28.00 28.00 28.00 28.00 28.00 28.00
16:37 28.00 28.00 28.00 28.00 29.00 28.00
16:38 28.00 28.00 28.00 29.00 29.00 29.00
16:39 29.00 29.00 29.00 29.00 29.00 29.00
16:40 29.00 28.00 28.00 28.00 28.00 29.00
16:41 28.00 28.00 28.00 28.00 29.00 28.00
16:42 28.00 28.00 28.00 28.00 28.00 29.00
16:43 28.00 28.00 27.00 27.00 27.00 28.00
16:44 27.00 27.00 27.00 27.00 27.00 27.00
16:45 28.00 28.00 27.00 27.00 27.00 27.00
16:46 28.00 28.00 28.00 27.00 27.00 27.00
16:47 27.00 27.00 27.00 27.00 27.00 27.00
16:48 27.00 27.00 27.00 27.00 27.00 27.00
16:49 27.00 27.00 27.00 27.00 27.00 27.00
16:50 27.00 28.00 28.00 28.00 28.00 27.00
16:51 28.00 28.00 28.00 28.00 28.00 28.00
16:52 28.00 28.00 28.00 28.00 27.00 28.00
16:53 27.00 27.00 27.00 27.00 27.00 27.00
16:54 27.00 27.00 27.00 27.00 27.00 27.00
16:55 27.00 27.00 27.00 26.00 26.00 0.00
16:56 26.00 26.00 27.00 27.00 27.00 26.00
16:57 27.00 27.00 27.00 27.00 27.00 27.00
16:58 27.00 27.00 26.00 26.00 27.00 27.00
16:59 31.00 35.00 34.00 30.00 29.00 27.00
17:00 27.00 27.00 27.00 26.00 26.00 27.00
17:01 27.00 27.00 27.00 27.00 27.00 26.00
17:02 27.00 27.00 27.00 27.00 27.00 27.00
17:03 27.00 27.00 27.00 27.00 27.00 27.00
17:04 27.00 27.00 27.00 27.00 27.00 27.00
17:05 28.00 28.00 27.00 27.00 27.00 28.00
17:06 27.00 27.00 27.00 28.00 28.00 27.00
17:07 28.00 28.00 28.00 27.00 27.00 28.00
17:08 27.00 27.00 27.00 27.00 27.00 27.00
17:09 27.00 27.00 27.00 27.00 27.00 27.00
17:10 28.00 28.00 28.00 28.00 28.00 27.00
17:11 27.00 27.00 28.00 28.00 28.00 28.00
17:12 28.00 28.00 28.00 27.00 27.00 28.00
17:13 27.00 28.00 27.00 27.00 27.00 27.00
17:14 27.00 27.00 28.00 28.00 28.00 27.00
17:15 27.00 27.00 27.00 27.00 27.00 27.00
17:16 27.00 27.00 27.00 27.00 27.00 27.00
17:17 27.00 27.00 27.00 27.00 27.00 27.00
17:18 27.00 27.00 27.00 27.00 27.00 27.00
17:19 27.00 27.00 26.00 26.00 27.00 27.00
17:20 27.00 27.00 27.00 27.00 27.00 27.00
17:21 27.00 27.00 27.00 27.00 27.00 27.00
17:22 27.00 27.00 27.00 27.00 27.00 27.00
17:23 27.00 27.00 27.00 27.00 27.00 27.00
17:24 26.00 26.00 26.00 26.00 26.00 26.00
17:25 26.00 26.00 26.00 26.00 26.00 26.00
17:26 26.00 26.00 26.00 26.00 26.00 26.00
17:27 26.00 26.00 26.00 26.00 26.00 26.00
17:28 26.00 26.00 26.00 26.00 26.00 26.00
17:29 26.00 26.00 26.00 26.00 26.00 26.00
17:30 26.00 26.00 26.00 26.00 26.00 26.00
17:31 26.00 26.00 26.00 26.00 26.00 26.00
17:32 26.00 26.00 26.00 26.00 26.00 26.00
17:33 26.00 26.00 26.00 26.00 26.00 26.00
17:34 26.00 26.00 26.00 26.00 26.00 26.00
17:35 26.00 26.00 26.00 26.00 26.00 26.00
17:36 26.00 26.00 26.00 26.00 26.00 26.00
17:37 26.00 26.00 26.00 26.00 26.00 26.00
17:38 26.00 26.00 26.00 26.00 26.00 26.00
17:39 26.00 26.00 26.00 26.00 25.00 26.00
17:40 25.00 26.00 26.00 26.00 26.00 25.00
17:41 26.00 26.00 26.00 26.00 26.00 26.00
17:42 26.00 26.00 26.00 26.00 26.00 26.00
17:43 26.00 26.00 26.00 26.00 26.00 26.00
17:44 27.00 27.00 27.00 27.00 27.00 27.00
17:45 27.00 27.00 27.00 27.00 27.00 27.00
17:46 27.00 27.00 27.00 27.00 27.00 27.00
17:47 27.00 27.00 27.00 27.00 27.00 27.00
17:48 27.00 27.00 27.00 27.00 27.00 27.00
17:49 27.00 27.00 27.00 27.00 27.00 27.00
17:50 27.00 27.00 27.00 27.00 27.00 27.00
17:51 27.00 27.00 27.00 27.00 27.00 27.00
17:52 27.00 27.00 26.00 26.00 26.00 27.00
17:53 27.00 27.00 26.00 26.00 26.00 26.00
17:54 26.00 26.00 26.00 26.00 26.00 26.00
17:55 26.00 26.00 26.00 26.00 26.00 26.00
17:56 26.00 26.00 26.00 26.00 26.00 26.00
17:57 26.00 26.00 26.00 26.00 26.00 26.00
17:58 26.00 26.00 26.00 26.00 26.00 26.00
17:59 26.00 26.00 26.00 26.00 26.00 26.00
18:00 26.00 26.00 26.00 26.00 26.00 26.00
18:01 26.00 26.00 26.00 26.00 26.00 26.00
18:02 26.00 26.00 26.00 26.00 26.00 26.00
18:03 26.00 26.00 26.00 26.00 26.00 26.00
18:04 26.00 26.00 26.00 26.00 26.00 26.00
18:05 26.00 26.00 26.00 26.00 26.00 26.00
18:06 26.00 26.00 26.00 26.00 26.00 26.00
18:07 26.00 26.00 26.00 26.00 26.00 26.00
18:08 26.00 26.00 26.00 26.00 26.00 26.00
18:09 26.00 26.00 26.00 26.00 26.00 26.00
18:10 26.00 26.00 26.00 26.00 26.00 26.00
18:11 26.00 26.00 26.00 26.00 26.00 26.00
18:12 26.00 26.00 26.00 26.00 26.00 26.00
18:13 26.00 26.00 27.00 26.00 26.00 26.00
18:14 26.00 26.00 26.00 26.00 26.00 26.00
18:15 26.00 26.00 26.00 26.00 26.00 26.00
18:16 26.00 26.00 26.00 26.00 26.00 26.00
18:17 26.00 26.00 26.00 26.00 26.00 26.00
18:18 26.00 26.00 26.00 26.00 26.00 26.00
18:19 26.00 26.00 26.00 26.00 26.00 26.00
18:20 26.00 26.00 26.00 26.00 26.00 26.00
18:21 26.00 26.00 26.00 26.00 26.00 26.00
18:22 26.00 26.00 26.00 26.00 26.00 26.00
18:23 26.00 26.00 26.00 26.00 26.00 26.00
18:24 26.00 26.00 26.00 26.00 26.00 26.00
18:25 27.00 27.00 27.00 27.00 27.00 27.00
18:26 26.00 26.00 26.00 26.00 26.00 26.00
18:27 26.00 26.00 26.00 26.00 26.00 26.00
18:28 26.00 26.00 26.00 26.00 26.00 26.00
18:29 27.00 27.00 27.00 26.00 26.00 26.00
18:30 26.00 26.00 26.00 26.00 26.00 26.00
18:31 26.00 26.00 26.00 26.00 27.00 26.00
18:32 27.00 27.00 27.00 27.00 27.00 27.00
18:33 26.00 26.00 26.00 26.00 27.00 27.00
18:34 27.00 27.00 27.00 26.00 26.00 27.00
18:35 26.00 26.00 26.00 26.00 26.00 26.00
18:36 26.00 27.00 27.00 27.00 27.00 26.00
18:37 27.00 27.00 27.00 27.00 27.00 27.00
18:38 27.00 27.00 27.00 27.00 27.00 27.00
18:39 27.00 27.00 27.00 27.00 27.00 27.00
18:40 27.00 27.00 27.00 27.00 27.00 27.00
18:41 27.00 27.00 27.00 27.00 27.00 27.00
18:42 27.00 27.00 27.00 27.00 27.00 27.00
18:43 27.00 27.00 27.00 27.00 27.00 27.00
18:44 27.00 27.00 27.00 27.00 27.00 27.00
18:45 27.00 27.00 27.00 27.00 27.00 27.00
18:46 27.00 27.00 27.00 27.00 27.00 27.00
18:47 27.00 27.00 27.00 27.00 27.00 27.00
18:48 27.00 27.00 27.00 27.00 27.00 27.00
18:49 27.00 27.00 27.00 27.00 27.00 27.00
18:50 27.00 27.00 27.00 27.00 27.00 27.00
18:51 27.00 27.00 27.00 27.00 27.00 27.00
18:52 27.00 27.00 27.00 27.00 27.00 27.00
18:53 27.00 27.00 27.00 27.00 27.00 27.00
18:54 27.00 27.00 27.00 27.00 27.00 27.00
18:55 27.00 27.00 27.00 27.00 27.00 27.00
18:56 27.00 27.00 27.00 27.00 27.00 27.00
18:57 27.00 27.00 27.00 27.00 27.00 27.00
18:58 27.00 27.00 27.00 27.00 27.00 27.00
18:59 27.00 27.00 27.00 27.00 27.00 27.00
19:00 27.00 27.00 27.00 27.00 27.00 27.00
19:01 27.00 27.00 27.00 27.00 27.00 27.00
19:02 27.00 27.00 27.00 27.00 27.00 27.00
19:03 27.00 27.00 27.00 27.00 27.00 27.00
19:04 27.00 27.00 27.00 27.00 27.00 27.00
19:05 27.00 27.00 27.00 27.00 27.00 27.00
19:06 27.00 27.00 27.00 27.00 27.00 27.00
19:07 28.00 28.00 28.00 27.00 27.00 28.00
19:08 27.00 27.00 27.00 27.00 27.00 27.00
19:09 27.00 27.00 27.00 27.00 27.00 27.00
19:10 28.00 28.00 27.00 27.00 27.00 28.00
19:11 27.00 27.00 27.00 27.00 27.00 27.00
19:12 27.00 27.00 27.00 27.00 27.00 27.00
19:13 27.00 27.00 26.00 26.00 26.00 27.00
19:14 26.00 26.00 26.00 26.00 26.00 26.00
19:15 26.00 26.00 26.00 26.00 26.00 26.00
19:16 26.00 27.00 27.00 27.00 27.00 26.00
19:17 27.00 27.00 27.00 27.00 27.00 27.00
19:18 27.00 27.00 27.00 27.00 27.00 27.00
19:19 27.00 27.00 27.00 27.00 27.00 27.00
19:20 27.00 27.00 27.00 27.00 27.00 27.00
19:21 28.00 28.00 28.00 28.00 28.00 27.00
19:22 28.00 28.00 28.00 28.00 28.00 28.00
19:23 28.00 28.00 28.00 28.00 28.00 28.00
19:24 28.00 28.00 28.00 28.00 29.00 28.00
19:25 28.00 28.00 28.00 28.00 27.00 28.00
19:26 28.00 28.00 28.00 27.00 27.00 27.00
19:27 27.00 27.00 27.00 27.00 27.00 27.00
19:28 27.00 27.00 27.00 27.00 27.00 27.00
19:29 27.00 27.00 28.00 28.00 28.00 27.00
19:30 28.00 28.00 29.00 29.00 29.00 28.00
19:31 29.00 29.00 29.00 29.00 29.00 29.00
19:32 29.00 29.00 29.00 29.00 29.00 29.00
19:33 29.00 29.00 29.00 29.00 29.00 29.00
19:34 29.00 29.00 29.00 29.00 29.00 29.00
19:35 29.00 29.00 29.00 29.00 28.00 29.00
19:36 29.00 29.00 29.00 29.00 29.00 28.00
19:37 29.00 29.00 28.00 28.00 28.00 29.00
19:38 29.00 29.00 29.00 29.00 29.00 29.00
19:39 28.00 28.00 28.00 28.00 28.00 29.00
19:40 28.00 28.00 28.00 28.00 28.00 28.00
19:41 28.00 28.00 28.00 28.00 28.00 28.00
19:42 28.00 28.00 28.00 28.00 28.00 28.00
19:43 28.00 28.00 28.00 28.00 28.00 28.00
19:44 28.00 28.00 28.00 28.00 28.00 28.00
19:45 28.00 28.00 28.00 28.00 28.00 28.00
19:46 28.00 28.00 28.00 28.00 28.00 28.00
19:47 28.00 29.00 29.00 29.00 29.00 28.00
19:48 29.00 29.00 29.00 29.00 29.00 29.00
19:49 29.00 29.00 29.00 29.00 28.00 29.00
19:50 28.00 28.00 28.00 28.00 28.00 28.00
19:51 28.00 28.00 28.00 28.00 28.00 28.00
19:52 28.00 28.00 28.00 28.00 28.00 28.00
19:53 28.00 28.00 28.00 28.00 28.00 28.00
19:54 28.00 29.00 29.00 28.00 28.00 28.00
19:55 29.00 29.00 30.00 30.00 30.00 29.00
19:56 30.00 30.00 30.00 30.00 30.00 30.00
19:57 30.00 30.00 30.00 30.00 30.00 30.00
19:58 30.00 30.00 30.00 30.00 30.00 30.00
19:59 30.00 30.00 30.00 30.00 30.00 30.00
20:00 30.00 30.00 30.00 30.00 30.00 30.00
20:01 30.00 30.00 30.00 30.00 30.00 30.00
20:02 30.00 30.00 30.00 30.00 29.00 30.00
20:03 27.00 27.00 27.00 27.00 26.00 28.00
20:04 26.00 26.00 27.00 27.00 27.00 26.00
20:05 27.00 27.00 28.00 27.00 27.00 27.00
20:06 27.00 27.00 27.00 27.00 27.00 27.00
20:07 27.00 28.00 28.00 28.00 29.00 27.00
20:08 29.00 29.00 29.00 29.00 29.00 29.00
20:09 29.00 29.00 29.00 29.00 29.00 29.00
20:10 29.00 29.00 29.00 29.00 29.00 29.00
20:11 29.00 29.00 29.00 29.00 29.00 29.00
20:12 29.00 29.00 30.00 30.00 30.00 29.00
20:13 30.00 30.00 29.00 29.00 29.00 30.00
20:14 29.00 29.00 29.00 29.00 29.00 29.00
20:15 29.00 29.00 29.00 28.00 28.00 29.00
20:16 28.00 28.00 29.00 29.00 29.00 28.00
20:17 29.00 29.00 29.00 29.00 29.00 29.00
20:18 29.00 29.00 29.00 29.00 29.00 29.00
20:19 29.00 29.00 29.00 29.00 30.00 29.00
20:20 30.00 30.00 30.00 30.00 29.00 30.00
20:21 29.00 29.00 29.00 29.00 29.00 29.00
20:22 29.00 29.00 29.00 29.00 29.00 29.00
20:23 29.00 29.00 29.00 29.00 29.00 29.00
20:24 29.00 29.00 29.00 29.00 29.00 29.00
20:25 29.00 29.00 28.00 28.00 28.00 29.00
20:26 29.00 30.00 30.00 29.00 29.00 28.00
20:27 29.00 30.00 30.00 30.00 29.00 29.00
20:28 29.00 29.00 29.00 28.00 28.00 29.00
20:29 28.00 28.00 28.00 28.00 28.00 28.00
20:30 28.00 28.00 28.00 28.00 28.00 28.00
20:31 28.00 28.00 28.00 28.00 28.00 28.00
20:32 28.00 28.00 28.00 28.00 28.00 28.00
20:33 28.00 28.00 28.00 28.00 28.00 28.00
20:34 28.00 28.00 28.00 28.00 28.00 28.00
20:35 28.00 28.00 28.00 28.00 28.00 28.00
20:55 253.00 253.00 253.00 0.00 0.00 0.00
20:56 253.00 253.00 253.00 253.00 253.00 253.00
20:57 253.00 253.00 253.00 253.00 253.00 253.00
20:58 253.00 253.00 253.00 253.00 253.00 253.00
21:05 18.00 19.00 0.00 0.00 0.00 0.00
21:06 20.00 0.00 0.00 0.00 0.00 0.00
21:07 21.00 0.00 0.00 0.00 0.00 0.00
21:08 0.00 0.00 0.00 0.00 0.00 0.00
21:09 22.00 22.00 0.00 0.00 0.00 0.00
21:11 26.00 27.00 26.00 0.00 0.00 0.00
21:12 26.00 27.00 27.00 26.00 26.00 26.00
21:13 28.00 28.00 28.00 27.00 27.00 27.00
21:14 28.00 27.00 27.00 28.00 28.00 28.00
21:15 27.00 27.00 27.00 27.00 27.00 27.00
21:16 27.00 27.00 27.00 27.00 27.00 27.00
21:17 27.00 27.00 27.00 27.00 27.00 27.00
21:18 27.00 28.00 28.00 27.00 27.00 27.00
21:19 27.00 27.00 27.00 27.00 27.00 27.00
21:20 27.00 27.00 27.00 27.00 27.00 27.00
21:21 27.00 27.00 27.00 27.00 27.00 27.00
21:22 27.00 27.00 27.00 27.00 27.00 27.00
21:23 28.00 28.00 28.00 28.00 28.00 28.00
21:24 29.00 29.00 29.00 28.00 28.00 28.00
22:20 33.00 33.00 32.00 31.00 31.00 0.00
22:21 32.00 32.00 32.00 33.00 33.00 31.00
22:22 33.00 33.00 33.00 34.00 34.00 33.00
22:23 34.00 34.00 33.00 0.00 0.00 0.00
