01:46 24.00 24.00 25.00 0.00 0.00 0.00
01:47 25.00 0.00 0.00 0.00 0.00 0.00
01:49 27.00 27.00 0.00 0.00 0.00 0.00
01:51 27.00 27.00 0.00 0.00 0.00 0.00
02:04 27.00 28.00 0.00 0.00 0.00 0.00
02:06 27.00 27.00 0.00 0.00 0.00 0.00
02:09 28.00 28.00 0.00 0.00 0.00 0.00
02:11 28.00 28.00 0.00 0.00 0.00 0.00
02:13 28.00 0.00 0.00 0.00 0.00 0.00
02:21 27.00 0.00 0.00 0.00 0.00 0.00
02:22 27.00 0.00 0.00 0.00 0.00 0.00
02:26 28.00 28.00 0.00 0.00 0.00 0.00
02:34 27.00 0.00 0.00 0.00 0.00 0.00
02:45 0.00 0.00 0.00 0.00 0.00 0.00
02:57 28.00 28.00 0.00 0.00 0.00 0.00
02:59 28.00 28.00 27.00 27.00 27.00 0.00
03:00 26.00 26.00 26.00 26.00 26.00 26.00
03:01 26.00 26.00 26.00 26.00 25.00 26.00
03:02 25.00 25.00 25.00 25.00 25.00 25.00
03:03 25.00 25.00 25.00 25.00 25.00 25.00
03:04 25.00 25.00 26.00 26.00 26.00 25.00
03:05 26.00 0.00 0.00 0.00 0.00 0.00
03:06 27.00 26.00 27.00 28.00 27.00 27.00
03:07 27.00 27.00 27.00 27.00 27.00 27.00
03:08 26.00 26.00 26.00 26.00 26.00 26.00
10:39 23.00 24.00 0.00 0.00 0.00 0.00
10:40 24.00 24.00 25.00 25.00 25.00 24.00
10:41 24.00 24.00 24.00 24.00 24.00 24.00
10:42 24.00 24.00 24.00 24.00 24.00 24.00
10:43 24.00 24.00 24.00 24.00 24.00 24.00
10:44 24.00 24.00 24.00 24.00 24.00 24.00
10:45 25.00 25.00 0.00 0.00 0.00 0.00
10:46 26.00 25.00 26.00 27.00 26.00 26.00
10:47 25.00 26.00 26.00 0.00 0.00 0.00
10:48 26.00 26.00 25.00 26.00 26.00 26.00
10:49 25.00 25.00 25.00 25.00 25.00 25.00
10:50 25.00 25.00 25.00 25.00 25.00 25.00
10:51 25.00 25.00 25.00 25.00 25.00 25.00
10:52 25.00 25.00 25.00 25.00 25.00 25.00
10:53 25.00 25.00 25.00 25.00 25.00 25.00
10:54 25.00 25.00 25.00 25.00 25.00 25.00
10:55 25.00 26.00 26.00 25.00 25.00 25.00
10:56 26.00 26.00 26.00 26.00 26.00 26.00
10:57 26.00 26.00 26.00 26.00 26.00 26.00
10:58 26.00 26.00 26.00 26.00 26.00 26.00
10:59 26.00 26.00 26.00 26.00 26.00 26.00
11:00 26.00 26.00 26.00 26.00 26.00 26.00
16:21 25.00 25.00 26.00 26.00 0.00 0.00
16:22 26.00 25.00 25.00 25.00 26.00 26.00
16:23 25.00 25.00 25.00 25.00 25.00 25.00
16:24 25.00 25.00 25.00 25.00 25.00 25.00
16:25 26.00 27.00 0.00 0.00 0.00 0.00
16:26 27.00 27.00 28.00 28.00 27.00 27.00
16:28 26.00 27.00 28.00 28.00 27.00 0.00
16:29 27.00 27.00 27.00 27.00 26.00 27.00
16:30 26.00 26.00 26.00 26.00 26.00 26.00
16:31 26.00 26.00 26.00 26.00 26.00 26.00
16:32 26.00 26.00 26.00 26.00 26.00 26.00
16:33 26.00 26.00 26.00 26.00 26.00 26.00
16:34 26.00 26.00 26.00 26.00 26.00 26.00
16:35 26.00 26.00 26.00 26.00 26.00 26.00
16:36 26.00 26.00 26.00 26.00 26.00 26.00
16:37 26.00 26.00 26.00 26.00 26.00 26.00
16:38 26.00 26.00 26.00 26.00 26.00 26.00
16:39 26.00 26.00 26.00 26.00 26.00 26.00
16:40 26.00 26.00 26.00 26.00 26.00 26.00
16:41 26.00 26.00 26.00 26.00 26.00 26.00
16:42 26.00 26.00 26.00 26.00 26.00 26.00
16:43 26.00 26.00 26.00 26.00 27.00 26.00
16:44 27.00 27.00 27.00 27.00 27.00 27.00
16:45 27.00 27.00 27.00 27.00 27.00 27.00
16:46 27.00 27.00 27.00 27.00 27.00 27.00
16:47 27.00 27.00 27.00 27.00 27.00 27.00
16:48 27.00 27.00 27.00 27.00 27.00 27.00
16:49 27.00 27.00 27.00 27.00 27.00 27.00
16:50 27.00 27.00 27.00 27.00 27.00 27.00
16:51 27.00 27.00 27.00 27.00 27.00 27.00
16:52 27.00 27.00 27.00 27.00 27.00 27.00
16:53 27.00 27.00 27.00 27.00 27.00 27.00
16:54 27.00 27.00 27.00 27.00 27.00 27.00
16:55 27.00 27.00 28.00 28.00 28.00 0.00
16:56 27.00 27.00 27.00 27.00 27.00 27.00
16:57 27.00 27.00 27.00 27.00 27.00 27.00
16:58 27.00 27.00 27.00 27.00 27.00 27.00
16:59 27.00 27.00 27.00 27.00 27.00 27.00
17:00 27.00 27.00 27.00 27.00 27.00 27.00
17:01 27.00 27.00 27.00 27.00 27.00 27.00
17:02 27.00 27.00 26.00 26.00 26.00 27.00
17:03 26.00 26.00 26.00 26.00 26.00 26.00
17:04 26.00 26.00 26.00 26.00 26.00 26.00
17:05 26.00 26.00 26.00 26.00 26.00 26.00
17:06 26.00 26.00 26.00 26.00 26.00 26.00
17:07 26.00 26.00 26.00 26.00 26.00 26.00
17:08 26.00 26.00 26.00 26.00 26.00 26.00
17:09 26.00 26.00 26.00 26.00 26.00 26.00
17:10 26.00 26.00 26.00 26.00 26.00 26.00
17:11 26.00 26.00 26.00 26.00 26.00 26.00
17:12 26.00 26.00 26.00 26.00 26.00 26.00
17:13 26.00 26.00 26.00 26.00 26.00 26.00
17:14 26.00 26.00 26.00 26.00 26.00 26.00
17:15 26.00 26.00 26.00 26.00 26.00 26.00
17:16 26.00 26.00 26.00 26.00 26.00 26.00
17:17 26.00 26.00 26.00 26.00 26.00 26.00
17:18 26.00 26.00 26.00 26.00 26.00 26.00
17:19 26.00 26.00 26.00 26.00 26.00 26.00
17:20 26.00 26.00 26.00 26.00 26.00 26.00
17:21 26.00 26.00 26.00 26.00 26.00 26.00
17:22 26.00 26.00 26.00 26.00 26.00 26.00
17:23 26.00 26.00 26.00 26.00 26.00 26.00
17:24 26.00 26.00 26.00 26.00 26.00 26.00
17:25 26.00 26.00 26.00 26.00 26.00 26.00
17:26 26.00 26.00 26.00 26.00 26.00 26.00
17:27 26.00 26.00 26.00 26.00 26.00 26.00
17:28 26.00 26.00 26.00 26.00 26.00 26.00
17:29 26.00 26.00 26.00 26.00 26.00 26.00
17:30 26.00 26.00 26.00 26.00 26.00 26.00
17:31 26.00 26.00 26.00 26.00 26.00 26.00
17:32 26.00 26.00 26.00 26.00 26.00 26.00
17:33 26.00 26.00 26.00 26.00 26.00 26.00
17:34 26.00 26.00 26.00 26.00 26.00 26.00
17:35 26.00 26.00 26.00 26.00 26.00 26.00
17:36 26.00 26.00 26.00 26.00 26.00 26.00
17:37 26.00 26.00 26.00 26.00 26.00 26.00
17:38 26.00 26.00 26.00 26.00 26.00 26.00
17:39 26.00 26.00 26.00 26.00 26.00 26.00
17:40 26.00 26.00 26.00 26.00 26.00 26.00
17:41 26.00 26.00 26.00 26.00 26.00 26.00
17:42 26.00 26.00 26.00 26.00 26.00 26.00
17:43 26.00 26.00 26.00 26.00 26.00 26.00
17:44 26.00 26.00 26.00 26.00 26.00 26.00
17:45 26.00 26.00 26.00 26.00 26.00 26.00
17:46 26.00 26.00 26.00 26.00 26.00 26.00
17:47 26.00 26.00 26.00 26.00 26.00 26.00
17:48 26.00 26.00 26.00 26.00 26.00 26.00
17:49 26.00 26.00 26.00 26.00 26.00 26.00
17:50 26.00 26.00 26.00 26.00 26.00 26.00
17:51 26.00 26.00 26.00 26.00 26.00 26.00
17:52 26.00 26.00 26.00 26.00 26.00 26.00
17:53 26.00 26.00 26.00 26.00 26.00 26.00
17:54 26.00 26.00 26.00 26.00 26.00 26.00
17:55 26.00 26.00 26.00 26.00 26.00 26.00
17:56 26.00 26.00 26.00 26.00 26.00 26.00
17:57 26.00 26.00 26.00 26.00 26.00 26.00
17:58 26.00 26.00 26.00 26.00 26.00 26.00
17:59 26.00 26.00 26.00 26.00 26.00 26.00
18:00 26.00 26.00 26.00 26.00 26.00 26.00
18:01 26.00 26.00 26.00 26.00 26.00 26.00
18:02 26.00 26.00 26.00 26.00 26.00 26.00
18:03 26.00 26.00 26.00 26.00 26.00 26.00
18:04 26.00 26.00 26.00 26.00 26.00 26.00
18:05 26.00 26.00 26.00 26.00 26.00 26.00
18:06 26.00 26.00 26.00 26.00 26.00 26.00
18:07 26.00 26.00 26.00 26.00 26.00 26.00
18:08 26.00 26.00 26.00 26.00 26.00 26.00
18:09 26.00 26.00 26.00 26.00 26.00 26.00
18:10 26.00 26.00 26.00 26.00 26.00 26.00
18:11 26.00 26.00 26.00 26.00 26.00 26.00
18:12 26.00 26.00 26.00 26.00 26.00 26.00
18:13 26.00 26.00 26.00 26.00 26.00 26.00
18:14 26.00 26.00 26.00 26.00 26.00 26.00
18:15 26.00 26.00 26.00 26.00 26.00 26.00
18:16 26.00 26.00 26.00 26.00 26.00 26.00
18:17 26.00 26.00 26.00 26.00 26.00 26.00
18:18 26.00 26.00 26.00 26.00 26.00 26.00
18:19 26.00 26.00 26.00 26.00 26.00 26.00
18:20 26.00 26.00 26.00 26.00 26.00 26.00
18:21 26.00 26.00 26.00 26.00 26.00 26.00
18:22 26.00 26.00 26.00 26.00 26.00 26.00
18:23 26.00 26.00 26.00 26.00 26.00 26.00
18:24 26.00 26.00 26.00 26.00 26.00 26.00
18:25 26.00 26.00 26.00 26.00 26.00 26.00
18:26 26.00 26.00 26.00 26.00 26.00 26.00
18:27 26.00 26.00 26.00 26.00 26.00 26.00
18:28 26.00 26.00 26.00 26.00 26.00 26.00
18:29 26.00 26.00 26.00 26.00 26.00 26.00
18:30 26.00 26.00 26.00 26.00 26.00 26.00
18:31 26.00 26.00 26.00 26.00 26.00 26.00
18:32 26.00 26.00 26.00 26.00 26.00 26.00
18:33 26.00 26.00 26.00 26.00 26.00 26.00
18:34 26.00 26.00 26.00 26.00 26.00 26.00
18:35 26.00 26.00 26.00 26.00 26.00 26.00
18:36 26.00 26.00 26.00 26.00 26.00 26.00
18:37 26.00 26.00 26.00 26.00 26.00 26.00
18:38 26.00 26.00 26.00 26.00 26.00 26.00
18:39 26.00 26.00 26.00 26.00 26.00 26.00
18:40 26.00 26.00 26.00 26.00 26.00 26.00
18:41 26.00 26.00 26.00 26.00 26.00 26.00
18:42 26.00 26.00 26.00 26.00 26.00 26.00
18:43 26.00 26.00 26.00 26.00 26.00 26.00
18:44 26.00 26.00 26.00 26.00 26.00 26.00
18:45 26.00 26.00 26.00 26.00 26.00 26.00
18:46 26.00 26.00 26.00 26.00 26.00 26.00
18:47 26.00 26.00 26.00 26.00 26.00 26.00
18:48 26.00 26.00 26.00 26.00 26.00 26.00
18:49 26.00 26.00 26.00 26.00 26.00 26.00
18:50 26.00 26.00 26.00 26.00 26.00 26.00
18:51 26.00 26.00 26.00 26.00 26.00 26.00
18:52 26.00 26.00 26.00 26.00 26.00 26.00
18:53 26.00 26.00 26.00 26.00 26.00 26.00
18:54 26.00 26.00 26.00 26.00 26.00 26.00
18:55 26.00 26.00 26.00 26.00 26.00 26.00
18:56 26.00 26.00 26.00 26.00 26.00 26.00
18:57 26.00 26.00 26.00 26.00 26.00 26.00
18:58 26.00 26.00 26.00 26.00 26.00 26.00
18:59 26.00 26.00 26.00 26.00 26.00 26.00
19:00 26.00 26.00 26.00 26.00 26.00 26.00
19:01 26.00 26.00 26.00 26.00 26.00 26.00
19:02 26.00 26.00 26.00 26.00 26.00 26.00
19:03 26.00 26.00 26.00 26.00 26.00 26.00
19:04 26.00 26.00 26.00 26.00 26.00 26.00
19:05 26.00 26.00 26.00 26.00 26.00 26.00
19:06 26.00 26.00 26.00 26.00 26.00 26.00
19:07 26.00 26.00 26.00 26.00 26.00 26.00
19:08 26.00 26.00 26.00 26.00 26.00 26.00
19:09 26.00 26.00 26.00 26.00 26.00 26.00
19:10 26.00 26.00 26.00 26.00 26.00 26.00
19:11 26.00 26.00 26.00 26.00 26.00 26.00
19:12 26.00 26.00 26.00 26.00 26.00 26.00
19:13 26.00 26.00 26.00 26.00 26.00 26.00
19:14 26.00 26.00 26.00 26.00 26.00 26.00
19:15 25.00 25.00 25.00 25.00 25.00 25.00
19:16 25.00 25.00 25.00 25.00 25.00 25.00
19:17 25.00 25.00 25.00 25.00 25.00 25.00
19:18 24.00 24.00 24.00 24.00 24.00 25.00
19:19 24.00 24.00 24.00 24.00 24.00 24.00
19:20 24.00 24.00 24.00 24.00 24.00 24.00
19:21 24.00 24.00 24.00 24.00 24.00 24.00
19:22 24.00 24.00 24.00 24.00 24.00 24.00
19:23 24.00 24.00 24.00 24.00 24.00 24.00
19:24 24.00 24.00 24.00 24.00 24.00 24.00
19:25 24.00 24.00 24.00 24.00 24.00 24.00
19:26 24.00 24.00 24.00 24.00 24.00 24.00
19:27 24.00 24.00 24.00 24.00 24.00 24.00
19:28 24.00 24.00 24.00 24.00 24.00 24.00
19:29 24.00 24.00 24.00 24.00 24.00 24.00
19:30 24.00 24.00 24.00 24.00 24.00 24.00
19:31 24.00 25.00 25.00 25.00 25.00 24.00
19:32 25.00 25.00 25.00 25.00 25.00 25.00
19:33 25.00 25.00 25.00 25.00 25.00 25.00
19:34 25.00 25.00 25.00 25.00 25.00 25.00
19:35 25.00 25.00 25.00 25.00 25.00 25.00
19:36 25.00 25.00 25.00 25.00 25.00 25.00
19:37 25.00 25.00 25.00 25.00 26.00 25.00
19:38 26.00 26.00 26.00 26.00 26.00 26.00
19:39 26.00 26.00 26.00 26.00 26.00 26.00
19:40 26.00 26.00 26.00 26.00 26.00 26.00
19:41 26.00 26.00 26.00 26.00 26.00 26.00
19:42 26.00 26.00 26.00 26.00 26.00 26.00
19:43 26.00 26.00 26.00 26.00 26.00 26.00
19:44 26.00 26.00 26.00 26.00 26.00 26.00
19:45 26.00 26.00 26.00 26.00 26.00 26.00
19:46 26.00 26.00 26.00 26.00 26.00 26.00
19:47 26.00 26.00 26.00 26.00 26.00 26.00
19:48 26.00 26.00 26.00 26.00 26.00 26.00
19:49 26.00 26.00 26.00 26.00 26.00 26.00
19:50 26.00 26.00 26.00 26.00 26.00 26.00
19:51 26.00 26.00 26.00 26.00 26.00 26.00
19:52 26.00 26.00 26.00 26.00 26.00 26.00
19:53 26.00 26.00 26.00 26.00 26.00 26.00
19:54 26.00 26.00 26.00 26.00 26.00 26.00
19:55 26.00 26.00 26.00 26.00 26.00 26.00
19:56 26.00 26.00 26.00 26.00 26.00 26.00
19:57 26.00 26.00 26.00 26.00 26.00 26.00
19:58 26.00 26.00 26.00 26.00 26.00 26.00
19:59 26.00 26.00 26.00 26.00 26.00 26.00
20:00 26.00 26.00 26.00 26.00 26.00 26.00
20:01 26.00 26.00 26.00 26.00 26.00 26.00
20:02 26.00 26.00 26.00 26.00 26.00 26.00
20:03 26.00 26.00 26.00 26.00 26.00 26.00
20:04 25.00 25.00 25.00 25.00 25.00 25.00
20:05 25.00 24.00 24.00 24.00 24.00 25.00
20:06 24.00 24.00 24.00 23.00 23.00 24.00
20:07 23.00 23.00 23.00 23.00 23.00 23.00
20:08 23.00 22.00 22.00 22.00 22.00 23.00
20:09 22.00 23.00 23.00 23.00 23.00 22.00
20:10 23.00 23.00 23.00 23.00 23.00 23.00
20:11 23.00 23.00 23.00 23.00 23.00 23.00
20:12 23.00 23.00 23.00 23.00 23.00 23.00
20:13 23.00 23.00 23.00 23.00 23.00 23.00
20:14 23.00 23.00 23.00 23.00 23.00 23.00
20:15 23.00 23.00 23.00 23.00 23.00 23.00
20:16 23.00 23.00 23.00 23.00 22.00 23.00
20:17 22.00 22.00 22.00 22.00 22.00 22.00
20:18 22.00 22.00 22.00 22.00 22.00 22.00
20:19 22.00 22.00 22.00 22.00 22.00 22.00
20:20 22.00 23.00 23.00 23.00 23.00 22.00
20:21 23.00 23.00 23.00 23.00 23.00 23.00
20:22 23.00 23.00 23.00 23.00 23.00 23.00
20:23 23.00 23.00 23.00 23.00 23.00 23.00
20:24 23.00 23.00 23.00 23.00 23.00 23.00
20:25 23.00 23.00 23.00 23.00 23.00 23.00
20:26 23.00 23.00 23.00 23.00 23.00 23.00
20:27 23.00 23.00 23.00 23.00 23.00 23.00
20:28 24.00 24.00 24.00 24.00 24.00 23.00
20:29 24.00 24.00 24.00 24.00 24.00 24.00
20:30 24.00 24.00 24.00 24.00 24.00 24.00
20:31 24.00 24.00 24.00 24.00 24.00 24.00
20:32 24.00 23.00 23.00 23.00 23.00 24.00
20:33 23.00 23.00 23.00 23.00 23.00 23.00
20:34 23.00 23.00 23.00 23.00 23.00 23.00
20:35 23.00 23.00 23.00 23.00 23.00 23.00
20:55 253.00 253.00 253.00 0.00 0.00 0.00
20:56 253.00 253.00 253.00 253.00 253.00 253.00
20:57 253.00 253.00 253.00 253.00 253.00 253.00
20:58 253.00 253.00 253.00 253.00 253.00 253.00
21:05 28.00 29.00 0.00 0.00 0.00 0.00
21:06 28.00 0.00 0.00 0.00 0.00 0.00
21:07 28.00 0.00 0.00 0.00 0.00 0.00
21:08 0.00 0.00 0.00 0.00 0.00 0.00
21:09 26.00 26.00 0.00 0.00 0.00 0.00
21:11 25.00 25.00 25.00 0.00 0.00 0.00
21:12 24.00 24.00 23.00 25.00 24.00 24.00
21:13 23.00 23.00 23.00 23.00 23.00 23.00
21:14 23.00 23.00 23.00 23.00 23.00 23.00
21:15 23.00 23.00 23.00 23.00 23.00 23.00
21:16 23.00 23.00 23.00 23.00 23.00 23.00
21:17 23.00 23.00 23.00 23.00 23.00 23.00
21:18 23.00 23.00 23.00 23.00 23.00 23.00
21:19 23.00 23.00 23.00 23.00 23.00 23.00
21:20 23.00 23.00 23.00 23.00 23.00 23.00
21:21 23.00 23.00 23.00 23.00 23.00 23.00
21:22 23.00 23.00 23.00 23.00 23.00 23.00
21:23 23.00 23.00 23.00 23.00 23.00 23.00
21:24 23.00 23.00 23.00 23.00 23.00 23.00
22:20 26.00 27.00 27.00 27.00 26.00 0.00
22:21 25.00 25.00 25.00 25.00 24.00 25.00
22:22 24.00 24.00 24.00 24.00 24.00 24.00
22:23 24.00 25.00 26.00 0.00 0.00 0.00
